1.8235646 0.2840534
-0.5814909 1.4675775
-1.8262382 -0.5463361
-2.1038854 -0.9290856
-0.5743225 -1.8152400
-2.2973895 1.6775420
0.5299083 -2.1270809
0.8204561 1.3323586
0.6014575 -0.1730817
-1.1869117 0.2184291
-1.0309213 1.5909073
0.5516089 0.6442144
0.8404521 -1.0471361
-1.9026124 -1.9249947
-1.2030610 -1.3287936
1.1189814 -0.8402100
-0.4988412 1.0487860
0.0658105 -1.7212564
2.0743008 -1.6605499
0.1236886 0.5871138
-1.6329110 1.5222962
-2.6675615 0.4633856
-1.5704458 -0.6821549
1.5613501 -1.8913007
-2.6032236 -2.0263000
-1.5067567 -0.3172832
-1.9537389 -1.3581443
0.6129556 -2.2514820
1.4496561 1.2255797
-0.1838326 -2.1546605
-2.7607505 1.9977862
-2.4884427 1.0715288
0.8479332 -1.1511809
0.5794094 -2.4070587
-1.5050663 1.9545105
-1.4026222 -1.5872152
-1.7973433 -1.3198395
-1.2342426 1.8729073
1.9491110 0.8056205
0.1061184 -2.2566013
-0.3054272 0.5977394
-1.6626368 -0.8267638
-0.8401585 1.3837842
2.2069483 -0.8624932
-1.0141340 -1.8917056
-0.3683970 -0.4894097
1.5109534 1.5286602
-0.4530666 1.2331275
0.8551937 1.3678513
-1.0781388 1.5701976
1.7152305 0.9469091
1.2406930 0.0315916
-0.7125176 -1.2778836
-0.4830938 1.0424199
-1.1490767 1.7313992
-2.0085611 0.7131109
0.9569877 -2.0194778
-1.0347059 -1.5298440
-1.5424138 -0.9005758
-1.4319432 2.2767177
-1.4173055 -1.3439649
0.4780815 0.6122875
0.0199950 0.8457472
1.4453430 2.0340047
1.1257138 0.1471111
1.2938999 -1.7328856
2.0727005 -1.6808670
-1.7246425 -1.6863568
-0.3860345 -1.3310034
-2.2909045 -0.4902134
-0.1369570 -2.0212309
-2.1521020 0.8427050
-1.8755906 1.5917650
1.6317800 1.2439458
0.8764249 -2.0320723
-0.2034333 -0.7536104
-0.6149109 -1.3143404
0.7797673 -1.7384816
-0.8145548 0.3170268
2.4403534 1.8561149
-2.3181899 -1.4791181
0.2916472 -1.1452258
-1.2054375 2.2681451
0.4937436 0.6093829
-0.2878294 -2.5764925
-1.1713526 -1.8817768
0.8140897 2.1135807
0.8390487 -1.8510487
-2.1428463 -0.8781706
1.4871042 -1.5311562
0.9443722 -2.0985630
-2.8753469 0.8312819
1.3258595 -1.0892494
-0.8831242 -1.9832208
-2.1194906 -2.4844036
-1.6342931 0.7363718
1.2487797 -2.2321706
0.5276757 -2.3629532
-1.5941479 1.1652606
-0.3122345 -2.1854608
-0.7947186 0.6110249
0.5482047 -1.6277281
-0.2658420 1.3829620
-1.5029284 0.7142269
-1.6991533 -0.7421408
-0.5590621 -2.1612377
1.0103567 -0.1444041
-0.7205022 -1.0651522
-0.6758839 -0.4015428
-2.1426892 1.8529508
0.9843839 0.4604543
2.4236128 -0.5857831
0.2229572 -2.5284841
-1.7341564 -1.7494152
0.2604243 -0.5902460
-0.9988738 -0.5933940
1.7811785 1.3393323
1.4884186 0.9384286
0.7130125 -0.6618559
-1.3420393 -1.5511777
0.4685817 -1.4641353
-0.8732074 1.0521674
-0.0105790 0.5828336
1.7100034 1.0594392
0.1160956 -2.1494484
-1.6675565 1.5062786
-1.8025006 -2.5524969
0.7404482 -2.6601062
