-1.3468293 1.9925021
-1.9144447 1.9564545
-1.8007749 -2.0338287
-1.9767884 0.2636437
0.4644759 -1.6100454
-1.8300068 2.0076437
1.8318725 -1.9341205
-2.0396407 -1.7563149
-2.0363870 -1.9806333
1.0769628 1.7889115
0.1340955 1.3456073
1.7798740 -0.5705347
2.0481019 0.6637622
0.5697179 -0.0764643
-1.6694670 -2.1333323
1.8878694 -2.1138554
1.3903328 1.7709353
1.3510761 -1.8566105
0.3830533 0.7458028
1.8123627 -2.1073432
-1.8500829 1.9188887
-1.9960229 -0.9180380
-2.0363288 -1.9042180
-1.7602494 -1.8083441
0.1228525 -2.1484063
-1.9425657 0.6813170
0.9867452 0.2309941
-0.5291872 -2.0708153
-1.9266198 1.5953822
-0.5012224 -1.9294865
-1.2689531 -1.5546137
-1.5741237 -1.8497179
-0.2626170 -1.6006305
-1.9871480 -2.1482060
2.0151453 1.6644613
-0.1489909 -2.0024414
2.0573957 1.4528581
-0.2505112 1.9968579
1.7871954 0.6475998
1.8512402 -0.2385958
0.1899848 1.9513735
-1.9870937 -0.6491414
-0.2206627 -1.5287057
1.6779035 1.0743937
-2.0382123 -2.1339107
-0.7100272 1.9262421
-1.6801538 -1.8067182
1.8546274 -2.1622596
1.5299554 1.2159443
-1.9548271 1.3845929
0.4502607 2.0001235
-0.0262713 -0.3656653
0.9616735 -1.0734054
0.8062696 1.8239052
-0.4521321 1.8881189
-1.4971223 1.4280133
1.2114744 -1.1458678
-0.5043197 1.1818823
-2.0388222 -1.5035791
-1.3591039 0.9025277
-2.0305381 -0.3237583
1.2204367 1.9129956
0.3672223 1.9162316
2.0437796 0.6819464
1.7619469 -1.9899399
1.7444496 -1.7915529
0.0078025 -1.0781103
1.8828144 -2.0743697
-1.9811914 -2.1016579
-1.9607775 -0.8501123
1.8939016 1.3304422
1.7166512 0.3390130
-0.0189792 -0.1771857
-0.6227967 1.3938310
1.9738953 1.8059912
0.0466411 -2.0397491
1.7655673 -1.9929256
1.8075031 -1.8748856
1.9316881 1.7332070
1.6287178 -1.4561557
-1.1077086 1.9380562
1.8720345 1.2524481
1.5174096 1.3109862
-1.0241457 0.1447840
-1.4152889 -0.7302222
-1.7965597 -0.9746199
1.1624088 1.3963469
-0.4442409 1.4740853
-1.5870914 1.7438629
-0.2185191 -0.1900957
1.6071042 1.2579901
-1.4373560 1.5747277
1.4849627 -1.7022858
1.4948187 1.8095267
-1.9391402 0.7429604
-1.0735885 1.5553175
-0.5654426 1.1886865
1.4643161 -2.1554084
-2.0169582 0.1357105
1.1027896 -2.1490393
-1.9470890 -2.0728121
-1.9837592 0.9692687
-0.8680381 2.0148981
-1.6903710 -1.3934293
-2.0227857 -1.9842577
-1.8039379 1.8491473
0.8419592 -2.0827856
1.3736886 -2.1311660
-1.6144994 -1.8624021
-1.2275145 1.6786437
-0.7562458 -2.1603642
1.5444539 1.1505903
0.6380618 0.8644766
1.3242871 -2.1602378
1.8642752 -1.8713832
-1.7034441 -1.0856594
1.6279490 1.2668343
1.7643193 1.6216198
1.0740453 -0.7010343
-1.8715028 -2.0824487
1.4197307 -1.6388113
-1.6448362 0.3884219
-1.9149169 1.7842357
1.8479285 1.3923659
1.4299746 -2.1582410
-1.3168693 1.5584388
-1.4611561 1.2482233
1.8228297 -2.0618267
