-1.7431936 0.8015984 0.7467410
-1.8150641 -0.2747774 1.0031961
-0.5009301 -2.7401001 -1.9590940
-1.0931573 -1.1172369 -0.0200038
0.8377513 -0.1715928 0.2431680
-1.7493097 0.1371107 0.9594265
2.6618543 0.2355472 1.9613320
1.7741902 -2.3604274 -0.5953388
-0.1726417 -1.8497534 -1.0484505
-1.4894850 1.5723594 -0.0785001
-0.6855807 0.4631106 0.0738700
1.6840132 1.6992203 -0.0175217
0.7952793 1.4705800 -0.4841509
0.0820390 0.2528635 -0.0151753
0.6618812 -1.5311877 -0.5985638
2.3442957 1.1855896 1.1612912
-0.6733834 1.1253034 -0.2798117
2.5528126 -0.5450212 1.7506171
-0.3368605 0.3691222 -0.0139223
1.8317014 0.5443810 0.9523489
-1.9720640 -0.3927157 1.1355505
-0.7216066 -1.4092954 -0.4733200
1.3290513 -2.2619236 -0.8961464
1.8747979 -1.9999309 -0.1192277
1.6783897 -0.8184071 0.6711220
-1.5200220 -1.4822170 0.0360656
0.0910711 0.5046491 -0.0802474
1.7575985 -1.2238203 0.4733419
-1.7150302 -1.0445799 0.5669546
2.0416555 -1.3552835 0.6623627
0.1570962 -0.9852420 -0.3130867
-1.3278784 -3.0525730 -1.8879850
2.7752352 -1.7125885 1.1950921
0.5380624 -1.9247141 -1.0253305
-0.7126573 1.9277052 -0.9610271
1.0034781 -0.6379331 0.2103170
0.1911782 1.5393610 -0.7374601
-1.5412782 1.1131577 0.3527777
-1.9264728 2.4473383 -0.5420141
0.7524263 0.9533894 -0.1074817
-1.1152352 0.8510508 0.1581031
-1.2080749 -1.7839741 -0.5187252
0.5512010 -0.4667585 0.0413267
1.2466139 1.9395870 -0.6495700
0.0774216 -2.0929186 -1.3020192
-1.2322811 0.5072697 0.4066897
0.1183377 -1.3309820 -0.5720934
2.1817071 0.4799090 1.3501030
-1.7512472 2.0479739 -0.2949697
-1.6134440 -1.1045378 0.4274959
-1.1960822 1.0427178 0.0996551
0.0138150 -0.0732224 0.0019314
0.6928184 0.2265104 0.1594653
-0.8623782 0.9373234 -0.0591508
-1.7095237 1.2466475 0.4171680
-2.1849108 -2.0152094 0.1807578
0.8277839 0.3485343 0.2033270
-0.7650014 0.1580316 0.1780176
-0.7782613 -1.8715608 -0.8856555
-2.4959791 1.1999683 1.2812150
-1.1077639 -1.4902916 -0.3116779
-1.2626250 1.4336672 -0.1530356
-1.0425546 0.8690823 0.0956912
0.8104074 1.4904174 -0.4940684
2.5533566 1.4805146 1.1865488
2.9560447 -0.2003218 2.3145442
0.3638137 -0.2324168 0.0377437
2.2068474 1.2829040 0.9260451
0.2141680 -1.8022182 -0.9893470
-1.2162080 -1.8980107 -0.6304286
-0.0350700 1.2342914 -0.4985912
0.3833498 0.9199409 -0.2276554
-0.0653336 -0.0251779 0.0029396
-0.8891262 0.1957146 0.2415539
-0.7875655 1.6594106 -0.6712317
1.9633843 -1.0243897 0.8312469
2.5085785 0.1001348 1.7979640
2.1232476 1.4951464 0.6518655
-0.4107013 1.4218097 -0.6012464
2.1120465 1.7568693 0.3937262
-1.7674692 1.0081257 0.6484759
0.0007924 1.1974640 -0.4705614
-1.7041714 1.9886093 -0.2809159
-2.5695529 2.1079946 0.5262876
-0.3444648 -0.8369299 -0.1982802
-1.4537346 -2.2093327 -0.7746542
1.5065420 2.6183560 -1.1561818
-0.8857682 0.3024786 0.2208724
-2.2422152 -1.2046837 0.9976353
-0.1236699 -0.1146344 0.0012435
1.2320944 2.0217781 -0.7456770
-2.3090570 -1.9405324 0.3967009
2.6888490 1.9187753 0.9559928
-0.6955940 1.2000595 -0.3250049
-1.5353582 -1.4681991 0.0627415
-1.0775826 0.0792818 0.3761063
-0.7834976 0.1357254 0.1898867
1.8123432 0.0915976 1.0362422
-1.2393981 -1.3976585 -0.1306635
1.6783842 -0.1570575 0.8992151
-0.4943321 -2.3325758 -1.4989128
-1.3369102 -0.9913579 0.2553186
-1.6266999 0.9348469 0.5546643
-1.5086898 -2.4825735 -1.0439394
1.1496212 -2.1779916 -0.9464899
-1.9865582 -0.9049193 0.9294242
2.0500457 -0.5908714 1.1647393
2.0717702 -0.1658918 1.3020711
-1.1379161 -3.0887589 -2.0691471
-1.1804321 0.0776573 0.4524936
1.2613325 -1.1225852 0.1065665
1.3860794 2.0530529 -0.6556746
-0.3156521 0.5016177 -0.0576798
1.9251705 -0.1171516 1.1511140
2.0449491 1.4110372 0.6350938
-0.3520295 -1.1240901 -0.3796214
-1.6907400 2.0383985 -0.3464181
0.4834408 2.0206003 -1.1330209
0.5508915 0.3646566 0.0697307
-0.5425770 -2.5152447 -1.6898116
2.6494186 1.9788162 0.8436007
-1.8629695 -2.1269131 -0.2856348
-1.7898190 -0.8550941 0.7578748
-1.5001760 2.0184410 -0.5102666
1.9809200 -0.0484889 1.2134809
-2.4890585 -1.8252003 0.7144562
-1.0681661 -0.2770976 0.3468211
2.3491211 1.3845384 1.0141287
