-0.9397520 1.8434894
-1.6457565 1.6795756
-1.9607430 -1.6405226
-1.5925705 0.3978128
0.5785844 -1.3960897
-1.4285191 1.7329285
1.7045836 -1.9606987
-1.5114963 -1.9833593
-1.6207657 -1.4431806
0.9903250 1.8832164
0.3259699 1.3426938
2.0611534 -0.7152329
1.8701609 0.8781749
0.6954005 -0.0300274
-1.1755028 -1.6521041
1.9322835 -1.7753531
1.2060525 1.5936545
1.3147813 -1.9803380
0.5438697 0.9122164
1.5829912 -1.6776056
-1.7875210 1.7188780
-1.5969303 -0.7403266
-1.5399786 -1.8926868
-1.1580830 -1.9686940
0.3586769 -1.8242189
-1.8648679 0.7743056
1.0229735 0.3584876
-0.1705401 -1.8857458
-1.8009557 1.3988619
-0.1109925 -1.9547659
-0.9092611 -1.2904648
-2.1179035 -1.5361464
0.1535771 -2.1272814
-1.4937074 -1.6851591
1.7779032 1.7714536
0.0692725 -1.6060020
1.7658112 1.4509912
-0.0014759 1.8470401
1.5725094 2.0645940
1.6138003 -0.2459521
0.3606985 1.6821531
-1.8833857 -0.4426081
-0.0225752 -1.3349426
2.0632896 1.2356800
-1.6734959 -1.6000289
-0.3771827 1.6406658
-1.2251515 -1.3994015
1.6505548 -1.8057048
1.3193121 1.9840059
-1.7769244 1.2710007
0.5579147 1.7437346
0.1617877 -0.3727005
0.9732565 -1.0657380
0.8252587 1.6131858
-0.1788172 1.9059726
-2.1337981 1.3317709
1.1508558 -1.1215957
-0.2208735 1.2237351
-1.7867719 -1.0990115
-1.9066385 2.0856879
-1.7601126 -0.1716439
1.0799125 1.8122309
0.4996414 1.6615621
1.8793857 0.8968195
2.0588324 -1.8141506
1.6548517 -2.0603406
0.1754636 -1.0490789
1.9431378 -1.6960407
-1.5002220 -1.5701054
-1.9150246 -0.6013917
1.5632041 1.3650939
1.5093315 0.4972502
0.1756172 -0.1504856
-0.3178616 1.3490356
1.5962007 1.7359232
0.3296883 -1.9070020
1.6057329 -1.9278383
2.0065892 -1.5824132
1.5613950 1.5967115
2.1015129 -1.4082234
-0.7389610 1.8821241
1.5532260 1.3183134
1.3015776 1.9670520
-1.4308503 2.2335355
-1.0507863 -0.6745248
-2.0383205 -0.6714498
2.2917066 1.6607128
-0.1641527 1.3996718
-2.0511038 1.6874782
-0.0065134 -0.1631986
2.0750678 1.3639090
-2.1568210 1.5065674
2.2229674 -1.7705263
1.2662171 1.6204417
-1.8641304 0.8236212
-0.6922424 1.4232305
-0.2734449 1.2261280
1.3334463 -1.7394631
-1.7628984 0.2814613
1.0911722 -1.7344928
-1.8574041 -1.4964480
-1.6267834 1.0086989
-0.5169057 1.8390795
-2.0884688 -0.9723973
-1.5219523 -1.8497277
-1.8937987 1.6228213
0.9405403 -1.8775935
1.2893009 -1.8399060
-2.0978751 -1.6138878
-0.8161881 1.4841776
-0.4116380 -1.7612422
2.1073205 1.2925478
0.7462686 1.0213723
1.2487456 -1.7973634
1.9670458 -1.5649452
-1.2823834 -0.9329342
1.3786342 1.9661475
1.9822050 1.6186794
1.0654521 -0.7504648
-1.9128451 -1.5494390
2.2390211 -1.7220294
-2.1025443 0.5130165
-1.7871177 1.5248345
1.5262021 1.9169292
1.3197131 -1.8044215
-2.2054169 1.6779470
-1.0297639 1.2294964
1.9980808 -1.7407784
