-1.6168433 1.8113170
-1.8257630 1.7942218
-1.7553961 -1.7726475
-1.7278720 -0.1402336
0.7404909 -1.6124864
-1.7740517 1.8013877
1.8837631 -1.9043067
-1.6446652 -1.8705313
-1.6568446 -1.6956809
1.5520326 1.6264997
0.5978045 1.5060596
1.8711952 -1.4637150
1.8592113 0.4623761
1.0726261 -1.0816824
-1.5597910 -1.7320404
1.9372044 -1.8152422
1.6641371 1.5199904
1.6962073 -1.8553253
1.0900464 0.9525614
1.7701665 -1.7369184
-1.8706564 1.8238128
-1.6518104 -1.5037420
-1.6556188 -1.8293155
-1.5513680 -1.8361921
0.0744689 -1.7157705
-1.7819602 1.0343893
1.4937820 -0.5414944
-1.0408798 -1.7583272
-1.8277520 1.6707718
-0.9434090 -1.7767272
-1.4785380 -1.6417937
-1.8142295 -1.7517004
-0.0285403 -1.8357674
-1.6378531 -1.7534232
1.8453879 1.6300129
-0.6716729 -1.6815443
1.8513401 1.4229832
-0.4613375 1.7331799
1.7854437 1.7278363
1.7057817 -1.2550726
0.7144060 1.6210121
-1.7035043 -1.3839070
-0.8172854 -1.6311299
1.9409157 1.1784488
-1.6745789 -1.7388406
-1.2334789 1.7190127
-1.5678272 -1.6728828
1.8203889 -1.7955734
1.6990738 1.6660963
-1.8071421 1.5909133
1.1404327 1.6048925
-0.4646640 -1.3667134
1.3696822 -1.5372577
1.4445953 1.5460073
-0.8461871 1.7635798
-1.9187131 1.6550348
1.5107685 -1.5563085
-1.0420306 1.5059710
-1.6840175 -1.6152707
-1.8951005 2.0829079
-1.6935042 -1.1999385
1.5938752 1.6089997
1.0407811 1.5905578
1.8635933 0.5077038
2.0163558 -1.8573637
1.8877624 -1.9996305
-0.4060650 -1.5650702
1.9241484 -1.7780162
-1.6347667 -1.7226952
-1.7067313 -1.4589516
1.7997051 1.3309028
1.7152213 -0.3889502
-0.4283219 -1.2426679
-1.1654201 1.5902020
1.7881463 1.5983961
0.0223927 -1.7394873
1.8291242 -1.8607733
1.9327085 -1.7370851
1.7862077 1.5232348
1.9531294 -1.6788540
-1.5112094 1.8087327
1.7985153 1.2787831
1.6919308 1.6595906
-1.3061094 2.0090437
-1.5395508 -1.4797852
-1.7294056 -1.4925284
2.1128938 1.6326296
-0.9121710 1.6165861
-1.9615332 1.8379304
-0.8488172 -1.2555573
1.9510641 1.3497391
-1.9718320 1.7508987
2.1092892 -1.8474426
1.6861730 1.5332448
-1.7842318 1.1249402
-1.4846963 1.6335975
-1.1216853 1.5064713
1.6578484 -1.7386417
-1.7375718 -0.4190060
1.4962635 -1.7170517
-1.7118446 -1.7216556
-1.7549412 1.3342297
-1.3670063 1.7826977
-1.7473868 -1.5943984
-1.6506917 -1.8100014
-1.8871683 1.7900361
1.3823994 -1.7530526
1.6489199 -1.7735637
-1.8177938 -1.7769924
-1.5493492 1.6676786
-1.2525064 -1.7353148
1.9605285 1.2540072
1.3922775 1.0502484
1.6166143 -1.7524143
1.9118236 -1.7276351
-1.5864952 -1.5586003
1.7173873 1.6642412
1.9211864 1.5733932
1.4454161 -1.4495682
-1.7304637 -1.7402420
2.1033633 -1.8157048
-1.8103498 0.4404701
-1.8412393 1.7345146
1.7632682 1.6592586
1.6600931 -1.7617502
-2.0616674 1.8471392
-1.6269023 1.5063756
1.9609976 -1.8055263
