-1.3278185 1.6820691
-1.5418448 1.5469987
-1.7611860 -1.6454232
-1.5328344 -0.0415199
0.9066193 -1.4831111
-1.4795260 1.5873954
1.5275240 -1.8757236
-1.6086195 -1.8298488
-1.5584389 -1.5391321
1.3049731 1.6934463
0.6455939 1.3606055
1.7081059 -1.1833944
1.6491803 0.9235042
1.1353095 -0.2482351
-1.4491105 -1.6002954
1.6609671 -1.7283275
1.4170817 1.4600878
1.2835495 -1.8435428
0.9891380 1.1028188
1.4867049 -1.6419179
-1.5846868 1.5862733
-1.5252461 -1.2775636
-1.5985999 -1.7557237
-1.4928935 -1.7882928
-0.0003635 -1.6924905
-1.6113970 0.7338643
1.3307358 0.4692556
-1.0684515 -1.7107477
-1.5940543 1.3439547
-1.0669305 -1.7601857
-1.3310384 -1.4529927
-1.9008613 -1.5928868
-0.9132605 -1.9570482
-1.5452100 -1.6307976
1.6976430 1.6314477
-0.3863406 -1.5862762
1.6382798 1.3498902
-0.3168637 1.6957549
1.6540465 1.9461741
1.5242766 -0.7474399
0.6645597 1.5540551
-1.6145804 -1.1643951
-0.3946215 -1.4774010
1.7829919 1.1904821
-1.5936536 -1.6047722
-0.9964541 1.5326971
-1.4403754 -1.5029913
1.5075421 -1.7251998
1.4892414 1.8112689
-1.5846255 1.2575506
0.9525587 1.5871593
0.3192041 -0.8703824
1.2621270 -1.3411655
1.2057084 1.4867818
-0.7363333 1.7491509
-1.7809191 1.2928647
1.3426573 -1.3718876
-0.7194183 1.2998811
-1.5930607 -1.4280379
-1.5765346 2.0001354
-1.5739514 -0.9717392
1.3596343 1.6290557
0.8878333 1.5331285
1.6537726 0.9390051
1.7601290 -1.7655483
1.4947344 -2.0105731
0.2576364 -1.3506711
1.6640955 -1.6753021
-1.5331277 -1.5810797
-1.6287444 -1.2436841
1.5521272 1.2985317
1.5133823 0.5699425
0.3695794 -0.5448714
-0.8952543 1.3637630
1.5969610 1.5750918
-0.2853080 -1.7451742
1.4723595 -1.8242214
1.7005225 -1.6106212
1.5659775 1.4568938
1.7632967 -1.5137576
-1.2437248 1.7190182
1.5464469 1.2694767
1.4787947 1.7910008
-1.3331991 2.1438994
-1.3681700 -1.1973753
-1.6944155 -1.2720313
2.2254298 1.6382221
-0.6233863 1.3988867
-1.7141161 1.5676718
-0.1386489 -0.6067886
1.8141469 1.2850636
-1.8070954 1.4146632
1.9224131 -1.7148764
1.4448723 1.4770308
-1.6109557 0.8161051
-1.2281183 1.3865756
-0.8154960 1.2982699
1.3656654 -1.6596509
-1.5814723 -0.3679101
1.2331023 -1.6441729
-1.6585326 -1.5748717
-1.5372355 1.0562510
-1.1229112 1.6812800
-1.7498765 -1.3818748
-1.5828302 -1.7239511
-1.6296320 1.5071090
1.0345559 -1.7234499
1.3180280 -1.7186500
-1.9054312 -1.6337386
-1.2896770 1.4177539
-1.1724725 -1.6391048
1.8312510 1.2299412
1.1639934 1.1565661
1.3075126 -1.6882548
1.6744270 -1.6021879
-1.4405501 -1.3315662
1.5203753 1.7968894
1.7954619 1.5011322
1.3189499 -1.1676972
-1.7007061 -1.6001855
1.9341354 -1.6703284
-1.7390256 0.1802153
-1.5896363 1.4306442
1.5925889 1.7582756
1.3445278 -1.6973186
-1.8541969 1.5629830
-1.3685384 1.2564037
1.7035003 -1.7064919
