[2.399753754445815]
[0.4420843437180759]
[1.6437001742744421]
[2.9000854219260574]
[-0.9717915014260148]
[3.2235005686618976]
[3.9510562307912873]
[1.9890926738579207]
[2.0843745640035127]
[1.4679754620926753]
[2.8652352146058018]
[3.1660860557449095]
[2.1145935949436487]
[-0.24985913671439802]
[2.475386478018743]
[2.7642256467300257]
[2.4216106380371305]
[0.6925428534296005]
[1.6753323273873122]
[0.7053105479774896]
[3.307190895582317]
[2.866878580548933]
[-0.31133195217354626]
[1.2365009609468158]
[1.2561628859917482]
[3.0157020020638483]
[0.8965582908029325]
[2.4098161737172292]
[3.0225910382056966]
[1.837627629580448]
[2.8824337629535424]
[1.1631371000166226]
[1.8388447941425206]
[1.831960839987579]
[1.5193504699514284]
[0.9673011677604894]
[2.2318539304664164]
[4.5292485107520815]
[1.7055259034801218]
[-0.324144306092671]
[2.6000220447931244]
[2.2221544663525274]
[1.544621331267153]
[3.663142368490555]
[2.008894687418442]
[1.2444425901454894]
[4.159542177672597]
[2.6577552658224053]
[2.0172155477923153]
[0.3366752880150292]
[2.4475582279648807]
[1.5916136848728133]
[1.1640947105653714]
[3.092828963004763]
[0.4743796721934358]
[1.6613895395565421]
[1.1061014096396486]
[0.6471474600669007]
[1.88626467599273]
[1.6394246600316849]
[1.6530150893647955]
[1.538771143995374]
[2.2560030340939035]
[1.566272809221387]
[2.4878277160845217]
[2.581132315422308]
[3.441662201224965]
[2.268124317290667]
[2.316432010867011]
[0.742440267114505]
[2.531345333163861]
[1.675526978283229]
[1.783301028837982]
[2.0992796823238953]
[0.9389147940835358]
[2.84326725519226]
[2.5812025671258905]
[2.553535424311569]
[2.2754120732193543]
[2.1151970486167326]
[0.4338438560139018]
[2.591572504406048]
[2.834723781334703]
[2.183733131485876]
[-0.9062402479935817]
[2.9313063580010366]
[2.333669821477871]
[0.23427466762359536]
[1.4855636089323758]
[1.6094565135658174]
[0.6945771850238872]
[4.74536437532922]
[0.8014477218194407]
[2.579849482286249]
[1.6188449383295338]
[2.229528131523808]
[1.3407121686520123]
[0.20116206481481003]
[1.998546572989523]
[2.64120526862312]
[2.8796020874761603]
[-0.7769316472942072]
[0.6813305916330507]
[2.1509277649481593]
[1.2327562186382393]
[2.6893728218994943]
[0.5225852129325135]
[1.4017250804459291]
[1.642572049674933]
[1.1775973291180801]
[1.4606740418490305]
[2.4052544391226394]
[1.5348855416525768]
[3.0969437018942494]
[1.7441200575300018]
[2.461304353270885]
[0.4455749139760773]
[2.390448478389965]
[2.279521977101574]
[2.123398022449647]
[3.0580209512066303]
[2.005886781598709]
[3.263963419123723]
[2.5100451455296455]
[3.28822561444527]
[2.714893513986548]
[1.9841182778017594]
[2.561086195053906]
