[[-0.6658934354782104, -0.7428761124610901], [-0.33115267753601074, 0.36861008405685425], [0.5428907871246338, -0.12383538484573364]]
[[0.6797086596488953, 0.13924270868301392], [0.8090692162513733, 1.1080272197723389], [0.7369360327720642, 0.7734476923942566]]
[[-0.3872881233692169, 0.7576058506965637], [0.3791735768318176, 0.1941634714603424], [0.7871639132499695, 0.39312052726745605]]
[[-0.6041315197944641, 0.08225901424884796], [-0.5206228494644165, 0.4015950560569763], [-0.058720167726278305, 0.6793392896652222]]
[[-0.48836877942085266, 0.7435488104820251], [0.17617960274219513, 1.0041313171386719], [0.01223716139793396, 0.9119779467582703]]
[[-0.07202892005443573, 0.20679467916488647], [-0.7885685563087463, -0.349443644285202], [0.8006414175033569, 0.2533823251724243]]
[[-0.5378367900848389, 0.2901383340358734], [-0.008175790309906006, -1.059417963027954], [-0.5792704820632935, 0.20831626653671265]]
[[-0.004404932260513306, 0.13453622162342072], [-0.21800395846366882, -0.06208604946732521], [0.5402204394340515, -0.08757692575454712]]
[[0.1250869333744049, 1.1042745113372803], [0.4532265365123749, 1.0434634685516357], [-0.7171021103858948, -0.27437126636505127]]
[[0.23743566870689392, 0.04504869878292084], [0.3786606192588806, 0.5530009269714355], [0.17201969027519226, 0.035144366323947906]]
[[0.23483046889305115, 0.24381130933761597], [0.6790140867233276, 0.6961251497268677], [0.5288034677505493, 0.3236768841743469]]
[[0.8014852404594421, -0.36046409606933594], [0.6154611110687256, -0.511393129825592], [-0.43366876244544983, -0.03554369509220123]]
[[0.6112475991249084, 1.292136311531067], [0.15425091981887817, 0.5186612010002136], [-0.3759767413139343, 0.8598167300224304]]
[[-0.02677842229604721, 0.04084275662899017], [0.40198150277137756, -1.0039938688278198], [0.9207879304885864, 0.8785281181335449]]
[[-0.5632412433624268, -1.0435315370559692], [-0.5438709259033203, -0.2084406316280365], [-0.6918726563453674, 0.6413140892982483]]
[[0.00018814951181411743, 0.5305797457695007], [0.07468459010124207, -0.0654163658618927], [1.815268635749817, -0.25621476769447327]]
[[-0.17293399572372437, 0.052596211433410645], [0.14236721396446228, -0.1725235879421234], [-0.6524104475975037, 0.6442374587059021]]
[[0.9982837438583374, 0.5432881116867065], [-0.1682555079460144, 0.7585387825965881], [0.5702124834060669, 0.46886223554611206]]
[[0.37894582748413086, 0.4838651418685913], [0.6334535479545593, 1.2364569902420044], [0.2816007435321808, 0.2889154553413391]]
[[-0.3789588212966919, 0.3728921413421631], [-0.8693777918815613, 0.14779996871948242], [-0.04820539057254791, -1.0343554019927979]]
[[-0.8459590673446655, -0.7648093104362488], [0.3913915157318115, -0.8492581844329834], [-0.6991645097732544, -0.34742772579193115]]
[[-0.0402345284819603, 0.4988930821418762], [-0.09414882212877274, 0.4018363654613495], [-0.34047365188598633, 0.5925168395042419]]
[[-0.18615296483039856, 0.7395067811012268], [0.7647610902786255, 1.0027403831481934], [1.0241613388061523, 0.6800755262374878]]
[[-0.6030492782592773, -0.9085432291030884], [-0.3307918310165405, -0.29247477650642395], [-0.552420437335968, 0.5903047323226929]]
[[0.16690866649150848, 0.40986841917037964], [-0.4257924556732178, 0.10583215206861496], [0.38310515880584717, -0.3212948739528656]]
[[0.891116201877594, 0.7870591282844543], [0.998141884803772, 0.6710713505744934], [0.5203315615653992, -0.059208519756793976]]
[[-0.5557382106781006, 0.6020157337188721], [-0.6531866788864136, 0.4051251709461212], [-0.13187885284423828, 0.023146409541368484]]
[[0.4462592303752899, -0.36136388778686523], [0.327639102935791, -1.29387629032135], [0.39880073070526123, -0.6559817790985107]]
[[-0.6972479224205017, -0.955203652381897], [0.31457486748695374, 0.0769154354929924], [0.20425590872764587, 1.2430386543273926]]
[[0.1907728761434555, -0.13620677590370178], [-0.6443431973457336, 0.6502326726913452], [0.6110819578170776, 0.5164945125579834]]
[[0.5738757848739624, 0.8493841886520386], [0.1465868353843689, 1.4386316537857056], [0.31839749217033386, 0.647275447845459]]
[[1.2477554082870483, 0.6174347996711731], [0.5738018751144409, 0.5176432132720947], [0.6722951531410217, 0.03398574888706207]]
[[-0.005677769426256418, -0.057141780853271484], [0.33366280794143677, 0.6940922737121582], [-0.6465531587600708, 0.5962454080581665]]
[[-0.5156450271606445, -0.17698556184768677], [-0.23332008719444275, 1.1380670070648193], [0.26565027236938477, -0.28966838121414185]]
[[0.5520995855331421, 0.500548243522644], [0.061072733253240585, 0.22962480783462524], [-0.03499186784029007, 1.020418643951416]]
[[0.9404053688049316, 0.12880201637744904], [0.6574574708938599, 0.022484824061393738], [0.5625964403152466, -0.6407312750816345]]
[[-0.2920510768890381, -0.04118518531322479], [0.1304585039615631, -0.2935779392719269], [0.32737645506858826, 0.07946673035621643]]
[[-0.43032851815223694, -0.6132986545562744], [0.32027536630630493, -0.19267317652702332], [-0.46023526787757874, -0.6587265133857727]]
[[-0.04715253412723541, 0.1298540234565735], [-0.6020705699920654, 0.30624526739120483], [-0.17026877403259277, 0.48530858755111694]]
[[0.5571788549423218, -0.24148672819137573], [-1.116739273071289, -0.3756851255893707], [-0.0008179768919944763, -0.6613523960113525]]
[[0.4302070140838623, 0.2805921733379364], [-1.439205527305603, -0.22959677875041962], [0.6926581859588623, 0.1154579371213913]]
[[-0.14761453866958618, 0.3114367425441742], [0.711373507976532, -0.534834086894989], [0.11707940697669983, -0.2299547791481018]]
[[1.4889229536056519, 0.32092589139938354], [0.6047255992889404, 0.3374263048171997], [0.531452476978302, -0.02178386226296425]]
[[0.7838563919067383, -0.8577601313591003], [0.9388958811759949, -0.3890305161476135], [0.3618074953556061, -0.6680918335914612]]
[[0.055706094950437546, -0.04239201545715332], [-0.3250531256198883, -0.15324878692626953], [-0.46885406970977783, -0.10923648625612259]]
[[-0.3637634813785553, 0.23194512724876404], [0.7927298545837402, 0.35175803303718567], [-0.4352032542228699, 0.463890016078949]]
[[-1.1553106307983398, 1.1102672815322876], [-0.5307518839836121, 0.9265334606170654], [-0.7112958431243896, 0.3451426327228546]]
[[-0.03518646955490112, 0.494504451751709], [0.21362298727035522, -0.956406831741333], [-0.273049533367157, -0.8142279386520386]]
[[0.717901885509491, 0.9935553669929504], [-0.14981821179389954, 0.5563824772834778], [-0.762437105178833, -0.11932271718978882]]
[[0.5289133191108704, 0.7037326097488403], [-0.6027989387512207, -0.35661420226097107], [-0.8414570093154907, -0.7108012437820435]]
[[0.5202702283859253, 0.5204197764396667], [-0.5386922359466553, 0.3120816946029663], [-0.36335769295692444, -1.0676642656326294]]
[[-0.015915974974632263, 0.14612168073654175], [-0.4589414596557617, -0.10669174790382385], [-0.4170687794685364, -0.28162404894828796]]
[[-0.22865030169487, 0.02294573187828064], [0.278516948223114, 0.6010021567344666], [0.11925499141216278, -0.04551198333501816]]
[[-0.527770459651947, 0.37902307510375977], [-0.427959144115448, 0.7296081185340881], [-0.42547401785850525, -0.36608052253723145]]
[[-0.47267553210258484, -0.07362934947013855], [0.4153110384941101, 0.24436135590076447], [1.247256875038147, 0.7544679641723633]]
[[0.11319737136363983, 0.2576203942298889], [0.08826552331447601, -0.12917263805866241], [-0.35501232743263245, -0.0744251012802124]]
[[0.3220379054546356, 0.08323217928409576], [0.3689332902431488, -0.4945569634437561], [0.27339035272598267, 0.761960506439209]]
[[0.655630350112915, 0.28467461466789246], [-0.4852578043937683, 0.4651809334754944], [0.48277297616004944, 0.7550038695335388]]
[[0.6167834401130676, -0.7618670463562012], [0.37602055072784424, 0.08859110623598099], [-0.07892122864723206, 0.22184458374977112]]
[[0.349876344203949, -0.18224895000457764], [-0.2743016183376312, -0.25659850239753723], [0.5518745183944702, 0.48133718967437744]]
[[0.5275376439094543, 0.7536932229995728], [0.37416085600852966, 0.5793740749359131], [-0.10471462458372116, 0.9222987294197083]]
[[0.8990024924278259, -1.1095945835113525], [-0.5562030076980591, -0.1896010786294937], [-0.538618803024292, 0.8872243762016296]]
[[0.06059502065181732, 0.1564343273639679], [0.10419978201389313, 0.5842837691307068], [-0.1125926673412323, 1.0761864185333252]]
[[0.5807639956474304, 0.10165322571992874], [0.3926871120929718, 0.6531093120574951], [-0.2763061821460724, 0.35406339168548584]]
[[-0.3033902943134308, 0.605971097946167], [0.4536668658256531, 0.6477155685424805], [-0.09262052178382874, 0.7134648561477661]]
[[0.011796269565820694, 0.39318859577178955], [-0.07479968667030334, 0.8457604646682739], [-0.30858752131462097, 1.1378300189971924]]
[[0.564499020576477, -0.13973039388656616], [0.11247135698795319, 0.4489253759384155], [0.0931483656167984, -0.5505724549293518]]
[[1.361738681793213, -0.2893516719341278], [-0.3148925006389618, 0.3664920926094055], [-0.15604083240032196, 0.35361379384994507]]
[[-0.6332105994224548, -0.019783571362495422], [0.8277391195297241, 0.925742506980896], [1.078896403312683, -0.742932915687561]]
[[0.01775815337896347, 0.9162683486938477], [-0.11520256102085114, 1.0840137004852295], [1.0939239263534546, 1.056593894958496]]
[[-0.5920676589012146, 0.7331959009170532], [0.9369310140609741, 0.031455785036087036], [0.2089436799287796, 0.14815524220466614]]
[[0.3034075200557709, 0.238750159740448], [0.29552948474884033, 0.6558711528778076], [0.5119922161102295, 1.0288089513778687]]
[[0.8338879346847534, 0.36845511198043823], [-0.22751548886299133, 0.1281624734401703], [0.4939171373844147, 0.6676661968231201]]
[[0.10432964563369751, -0.8217561841011047], [0.2525942921638489, 0.7121224999427795], [-0.1922990083694458, 0.6385143995285034]]
[[1.151828646659851, 0.21003997325897217], [-0.4163520932197571, 0.23171505331993103], [1.2137724161148071, 0.3251977264881134]]
[[0.581164538860321, 0.2136383056640625], [-0.019694801419973373, 0.4666668474674225], [-0.16703397035598755, -0.5837762951850891]]
[[-0.7712793350219727, -0.6831910610198975], [0.07281623780727386, -0.076506108045578], [0.5898027420043945, -0.4316997230052948]]
[[0.17299288511276245, -0.42654627561569214], [1.3462679386138916, -0.037767745554447174], [0.10459436476230621, 0.2720860242843628]]
[[0.44445207715034485, -0.14223478734493256], [-0.1288393884897232, 0.1333889663219452], [0.1523299515247345, 0.5183963775634766]]
[[-0.3411014974117279, -1.4014439582824707], [-0.5204662680625916, -0.99595046043396], [-0.28971925377845764, -0.39082810282707214]]
[[0.11560364067554474, 0.5406559705734253], [0.5276525020599365, 0.5529729723930359], [0.5560187101364136, -0.8903336524963379]]
[[0.7177040576934814, -0.38331615924835205], [-0.11911299079656601, -0.5798277854919434], [-0.06441554427146912, -0.37201276421546936]]
[[-0.3651110827922821, 0.0007581040263175964], [0.6062267422676086, 1.2656590938568115], [-0.280458927154541, -0.4705909490585327]]
[[0.6523218154907227, 0.5770878791809082], [0.3642547130584717, -0.6271971464157104], [0.2665964961051941, -0.1664206087589264]]
[[0.5857243537902832, 1.3295066356658936], [0.12199291586875916, 0.7068445682525635], [0.21417514979839325, -0.11224468797445297]]
[[0.19612887501716614, 0.31881093978881836], [0.6932386755943298, 0.3454054296016693], [-0.9155777096748352, 0.2998523712158203]]
[[0.4675125777721405, -0.25596535205841064], [-0.17101946473121643, 1.0422714948654175], [-0.15923216938972473, 0.2129279524087906]]
[[-0.23232796788215637, 0.6808735132217407], [-1.1396746635437012, 0.5029577016830444], [-0.17977766692638397, -0.7109186053276062]]
[[0.49501141905784607, 1.0509529113769531], [0.2617635130882263, 0.3908820152282715], [0.3097975552082062, 0.2995957136154175]]
[[0.4737476706504822, -0.03949350118637085], [-0.25119590759277344, -0.02668527513742447], [0.25397980213165283, 0.35756760835647583]]
[[-0.5598967671394348, -0.3596540689468384], [-0.022387992590665817, -0.2817181646823883], [-0.6519043445587158, -0.3457302153110504]]
[[0.6507810354232788, 0.33571046590805054], [0.6913493275642395, 0.33304449915885925], [-0.03389555215835571, 0.6422203779220581]]
[[0.054903097450733185, -0.0017468258738517761], [-0.12180319428443909, 0.08812017738819122], [0.5963819026947021, 0.9102842807769775]]
[[0.3113984763622284, 0.24731238186359406], [-0.5440794229507446, 0.2069239765405655], [0.6141402125358582, -0.7912346124649048]]
[[-0.5617951154708862, 0.2147342562675476], [0.0019093090668320656, 0.048314161598682404], [0.3955940008163452, 0.35635241866111755]]
[[-0.8432732820510864, -0.12187258899211884], [0.4249448776245117, 0.43208691477775574], [-0.26494288444519043, -0.33197909593582153]]
[[0.43699726462364197, -0.0030178651213645935], [1.08716881275177, 0.6797052025794983], [0.6569270491600037, 0.1970263421535492]]
[[-0.508291482925415, 0.17677675187587738], [0.2647542357444763, 0.5449303984642029], [0.3506448268890381, 1.5090056657791138]]
[[1.061394214630127, 0.7822726964950562], [-1.0528367757797241, 0.13498222827911377], [-0.2923118770122528, 0.5071139335632324]]
[[0.12655986845493317, -0.7477542161941528], [0.20131222903728485, -0.8168243765830994], [0.09823893010616302, -0.3351728618144989]]
[[0.8448951244354248, 0.232537642121315], [0.3722390830516815, -0.26058322191238403], [-0.10304803401231766, 0.8112708330154419]]
[[0.8084517121315002, 0.6437097191810608], [0.6588214635848999, 0.18950021266937256], [0.4707525670528412, 0.5127943158149719]]
[[0.6047130823135376, 0.010175436735153198], [-0.16613148152828217, -0.12893196940422058], [0.8076086044311523, -0.8763711452484131]]
[[-0.35570740699768066, -0.2396067976951599], [0.49793004989624023, -0.3894500732421875], [-0.07115935534238815, 0.33152562379837036]]
[[0.0011936388909816742, -0.27072766423225403], [0.49264490604400635, 0.7070679068565369], [-0.23475156724452972, -0.12371230125427246]]
[[-0.1446937918663025, 0.35019659996032715], [-0.30886727571487427, -0.5568856000900269], [-0.3387203514575958, 0.2440771758556366]]
[[-0.03420906513929367, 0.08958527445793152], [0.32350394129753113, 0.7831406593322754], [0.5802669525146484, 0.15772539377212524]]
[[-0.7848615646362305, 1.2407200336456299], [-0.02001345530152321, 0.24964791536331177], [0.4168476164340973, 0.1601499766111374]]
[[-0.6239585876464844, 0.07194950431585312], [0.10790053009986877, -0.46256154775619507], [-0.5176619291305542, 0.12525519728660583]]
[[0.33506718277931213, -0.30405348539352417], [0.04227577894926071, -0.5393885970115662], [0.576309859752655, 0.14035841822624207]]
[[0.875251829624176, 0.9841708540916443], [1.0383673906326294, 0.14188691973686218], [0.5178394913673401, 0.04537519812583923]]
[[0.1345011591911316, 0.4956640899181366], [0.2836894690990448, -0.4377323389053345], [0.12024926394224167, 0.22533854842185974]]
[[0.10710707306861877, 0.2469949722290039], [-0.20095661282539368, -0.2882402241230011], [0.901389479637146, 0.9799436330795288]]
[[-0.5364332795143127, -0.8195101022720337], [-0.3575546443462372, 0.25483646988868713], [-0.5648081302642822, 1.1422938108444214]]
[[0.21657297015190125, -0.28186213970184326], [0.8327920436859131, 0.11242702603340149], [0.5923575758934021, -0.34364327788352966]]
[[0.7670631408691406, 1.0537995100021362], [0.5384347438812256, 0.3833419382572174], [0.8903810977935791, 1.5014086961746216]]
[[-0.0037013813853263855, 0.46754544973373413], [0.7998030781745911, 0.16403402388095856], [0.23921506106853485, -0.8803381323814392]]
[[1.0566383600234985, 0.3302714228630066], [-0.546489953994751, -0.6861119866371155], [0.34144389629364014, 0.9288012981414795]]
[[0.27168068289756775, 0.15246400237083435], [1.2356184720993042, 0.6758589148521423], [0.43339651823043823, 0.25359055399894714]]
[[0.2987501919269562, -0.6052955389022827], [-0.7856965065002441, 0.11815795302391052], [-0.4642254114151001, 0.019355058670043945]]
[[0.08984938263893127, -0.05270807445049286], [-0.01366298645734787, 0.6244139671325684], [0.5977574586868286, 0.33218076825141907]]
[[-0.0739177018404007, 0.19937764108181], [-1.0521527528762817, 0.47830986976623535], [-0.22326257824897766, -0.9989123344421387]]
[[0.5872074365615845, 0.16085970401763916], [0.7176293730735779, 0.37072086334228516], [1.310954213142395, 0.5466845631599426]]
[[-0.4999650716781616, 0.4577983021736145], [-0.3649061918258667, 0.020687485113739967], [-0.2746316194534302, -0.13226629793643951]]
[[0.7290028929710388, 1.1878200769424438], [-0.3587605953216553, -1.1342661380767822], [-0.2352655827999115, 0.29266834259033203]]
[[-0.661745548248291, 0.6215540766716003], [-0.4987404942512512, -0.7710679173469543], [0.3131111264228821, 0.3778931498527527]]
[[0.7462263703346252, -0.0362912081182003], [0.018037214875221252, -0.20206545293331146], [0.42038238048553467, 0.2086951732635498]]
[[-0.22192999720573425, 0.5557313561439514], [-0.013375014066696167, 0.4901687502861023], [-0.3454035520553589, -0.5553881525993347]]
