2.2033727 0.6325513
-0.8903766 1.6244500
-1.6766276 -0.4585864
-2.2461300 -1.2390873
-1.2628196 -1.9242668
-2.2590456 1.7955806
0.9153712 -1.7121311
1.3096523 1.7047572
1.2906915 -0.0166691
-2.1414392 0.3495800
-1.6892126 1.8833569
0.9135532 1.3316488
1.2397335 -1.5793184
-2.4854422 -1.9841025
-1.7927005 -1.4081614
1.3866845 -0.7863324
-1.1198184 1.4997510
0.1954405 -1.4264648
2.2903943 -1.9700282
0.4374963 1.4532427
-1.7565328 1.6668122
-2.4087927 1.2363312
-1.8418632 -0.3747814
2.0019927 -1.6110351
-2.6945360 -1.7657286
-1.7163197 -0.4834450
-2.5747113 -1.5711784
0.9970886 -1.9359630
2.0767653 1.4658098
-0.6152016 -1.7292753
-2.5275700 2.2582786
-1.7056273 1.5394452
1.3451686 -0.8872967
0.8448586 -2.0894330
-2.2752769 1.8330257
-2.1132131 -1.5949206
-2.7126865 -1.6516997
-1.8096722 1.8811029
1.7242919 0.7547657
-0.0610400 -2.3555803
-0.7931958 1.0583158
-1.8406117 -1.1689000
-1.4002738 1.9257092
1.8231674 -1.2499933
-1.4923434 -1.8191472
-0.8518189 -1.0713218
1.9270587 1.8578575
-0.5759602 1.8664755
1.2937179 1.2209600
-1.4037337 1.8309121
1.9977745 1.3121042
1.8229039 0.4249681
-1.4807591 -1.5449467
-1.0774120 1.4950180
-1.7503604 1.7186314
-1.5628747 1.1511111
1.4780554 -2.1762440
-1.7895374 -1.9551983
-1.8282890 -1.1626920
-1.2839496 1.8977945
-1.7679672 -1.7395824
0.7835757 0.8855022
-0.0727170 1.2793560
1.6659024 2.1776032
1.2212975 0.7443893
1.4732485 -1.3421586
2.3052244 -1.8986130
-2.5343475 -1.4960650
-0.6673316 -1.6045691
-2.1210644 -0.5328113
-0.6661598 -2.3711560
-2.6500635 1.5198469
-2.3042188 1.9527699
2.0063462 1.5950097
1.0736644 -2.5261593
-0.3347158 -0.5393587
-1.0560312 -1.0293305
1.1012568 -1.8374598
-1.7583520 0.8076223
2.0980399 2.0447621
-2.5289767 -1.9262173
0.4048653 -1.8271444
-1.7431371 2.0305600
0.4980651 0.3195100
-0.8734227 -2.3680782
-1.3366101 -2.0335529
0.8809181 1.7925076
1.4043865 -2.3073900
-1.7541065 -1.3713696
2.0315976 -1.9233991
0.9834231 -2.4081168
-1.9716340 1.2398343
1.2128587 -1.1104431
-1.8377315 -2.2952490
-2.0793722 -2.3272495
-2.1536846 1.3822112
1.7694763 -2.3643353
0.8525420 -2.1141791
-1.8382494 1.7158949
-0.8475112 -1.9646697
-1.0450895 1.3713253
1.1502476 -2.1545911
-0.5782086 1.5095887
-1.4182853 1.3732688
-1.9491012 -0.4992637
-0.7951055 -2.3992167
1.4930542 0.3673539
-1.3393034 -0.8784691
-0.4792465 -0.3949687
-2.3118858 2.0121517
1.5233687 1.1780030
1.8708405 -0.8106906
0.0799912 -2.5369678
-2.4103167 -1.5198364
0.6299105 -0.3983719
-1.5948110 -0.7055436
1.8613501 1.3047647
1.4387577 1.2694920
1.3237998 -0.9563271
-1.5269694 -1.6439033
0.7059031 -1.4727142
-0.9232190 1.4867975
0.1658047 0.8582997
1.7637582 1.1457423
0.1129579 -1.9319487
-1.1872740 1.5180728
-2.1945820 -2.4108355
1.0137113 -2.3156834
