-1.3646473 1.6453974
-1.5693790 1.5408229
-1.7755380 -1.6750557
-1.5442705 0.1581783
0.9031482 -1.4994699
-1.5114495 1.5690646
1.5419362 -1.8791335
-1.6483958 -1.8381560
-1.5814039 -1.5625736
1.3231920 1.6464790
0.6416752 1.2941431
1.6866206 -1.2349126
1.6302056 0.8196216
1.1080496 -0.3472358
-1.4744625 -1.6230266
1.6574860 -1.7633461
1.4229062 1.4147508
1.3074654 -1.8424792
0.9750477 0.9899102
1.4942000 -1.6654099
-1.6138248 1.5833250
-1.5436732 -1.2602286
-1.6319299 -1.7706332
-1.5348338 -1.7987690
0.0793941 -1.7007062
-1.6194069 0.8645565
1.3131762 0.2603287
-1.0464109 -1.7231753
-1.6091341 1.3718840
-1.0579611 -1.7676178
-1.3414220 -1.4697986
-1.9181337 -1.6353692
-0.9619865 -1.9413916
-1.5727093 -1.6535547
1.6865449 1.5957866
-0.2817801 -1.6002156
1.6291937 1.3157988
-0.3076163 1.6236393
1.6511092 1.9830004
1.5125484 -0.7508596
0.6585701 1.4903327
-1.6257954 -1.1032746
-0.2987745 -1.4882758
1.7598397 1.1561856
-1.6172929 -1.6292634
-0.9791926 1.4823478
-1.4620528 -1.5237187
1.5175856 -1.7444814
1.5009094 1.7973523
-1.5978416 1.2931747
0.9554361 1.5272835
0.3184995 -0.8509107
1.2582620 -1.3479902
1.2129036 1.4347801
-0.7325113 1.6866194
-1.7939012 1.3678670
1.3418256 -1.3816297
-0.6535361 1.2371116
-1.6103957 -1.4422774
-1.6452838 2.0740452
-1.5870665 -0.8329399
1.3722661 1.5796741
0.8869680 1.4736264
1.6347647 0.8394658
1.7507353 -1.8137639
1.5145504 -1.9956174
0.2852065 -1.3524165
1.6583719 -1.7156267
-1.5586655 -1.6048220
-1.6395468 -1.2137021
1.5488628 1.2559700
1.4972963 0.3866100
0.3576303 -0.5640550
-0.8460145 1.3126423
1.5940022 1.5347216
-0.2014559 -1.7491794
1.4892846 -1.8308296
1.6895657 -1.6619539
1.5640463 1.4181544
1.7459830 -1.5848701
-1.2786781 1.6775494
1.5429933 1.2238773
1.4911745 1.7707536
-1.4073923 2.2746661
-1.3804253 -1.1747379
-1.7003272 -1.2601312
2.2419872 1.6564522
-0.5599626 1.3396268
-1.7416121 1.5881122
-0.0948579 -0.6033155
1.7913065 1.2623889
-1.8286905 1.4723135
1.9151443 -1.8043537
1.4501076 1.4324769
-1.6193360 0.9282537
-1.2265301 1.3568572
-0.7555472 1.2390883
1.3785323 -1.6783662
-1.5904689 -0.0887662
1.2454959 -1.6618708
-1.6759342 -1.6023284
-1.5502696 1.0923321
-1.1429182 1.6304214
-1.7556082 -1.4059281
-1.6146060 -1.7412596
-1.6517823 1.5198083
1.0503173 -1.7340689
1.3351530 -1.7321110
-1.9237195 -1.6726735
-1.2976274 1.3926231
-1.1611691 -1.6577489
1.8068870 1.2053680
1.1585534 1.0644622
1.3228498 -1.7040849
1.6651856 -1.6485567
-1.4592652 -1.3309952
1.5291314 1.7798661
1.7755847 1.4726206
1.3119552 -1.1620274
-1.7161754 -1.6292337
1.9272953 -1.7684478
-1.7362442 0.5248759
-1.6084423 1.4464617
1.5940139 1.7340913
1.3600054 -1.7130959
-1.8942559 1.6082097
-1.3783884 1.2418989
1.6956950 -1.7509544
