-1.0318449 1.9090396
-1.5909061 1.7500445
-1.8162498 -1.7074174
-1.7028427 -0.0118737
1.0298800 -1.4725351
-1.4410820 1.8026438
1.7033867 -1.7990711
-1.5713065 -1.8976696
-1.6137145 -1.5734078
1.2403823 1.8339806
0.5488814 1.4821441
1.9050701 -1.2001956
1.7748324 0.6629095
1.0800235 -0.5433609
-1.3479337 -1.6681588
1.8408359 -1.6784062
1.3695062 1.5660008
1.4926842 -1.7994286
0.8437617 1.0686233
1.6571949 -1.6054533
-1.6735055 1.7841157
-1.6332281 -1.2158206
-1.5766392 -1.8360946
-1.3629527 -1.8664862
0.7966055 -1.6983931
-1.8409957 0.6454588
1.3324664 0.0809314
-0.1328692 -1.7704432
-1.7323091 1.4778780
-0.0552480 -1.8122578
-1.1666288 -1.4769793
-1.9261460 -1.6534350
0.2719772 -1.9242232
-1.5404308 -1.7011459
1.7134253 1.6568899
0.3579960 -1.5978668
1.6920153 1.3670046
0.2368303 1.8951914
1.5904461 1.9720957
1.6611606 -0.8729798
0.6750110 1.7326972
-1.8035369 -1.0521355
0.1421167 -1.4766862
1.8854622 1.0525250
-1.6411744 -1.6622374
-0.4883075 1.7425487
-1.3870476 -1.5365516
1.6876394 -1.6845965
1.4309965 1.9082024
-1.7352269 1.3477594
0.9048604 1.7582762
0.3387129 -0.9257002
1.3196515 -1.3156081
1.1158240 1.6264958
-0.0085000 1.9557558
-1.9601488 1.3807662
1.4279454 -1.3398160
-0.4112976 1.4072033
-1.7161508 -1.4063334
-1.7108748 2.1212487
-1.7569723 -0.8373985
1.2963234 1.7609347
0.8295121 1.7016867
1.7789630 0.6870071
1.9174151 -1.7159016
1.6606069 -1.8786029
0.4614496 -1.3333619
1.8482634 -1.6288730
-1.5442491 -1.6358951
-1.8114254 -1.1505499
1.5764792 1.3302101
1.6066120 0.1850797
0.3415485 -0.6980461
-0.5260218 1.5108008
1.5973955 1.6423464
0.7374820 -1.7513647
1.6547995 -1.7687896
1.8860717 -1.5679345
1.5742874 1.5244415
1.9450238 -1.4865844
-0.8094668 1.9451088
1.5721960 1.2914540
1.4212058 1.8923714
-1.3136820 2.2619441
-1.3217148 -1.1627350
-1.8807640 -1.1918917
2.1143117 1.4721439
-0.2694032 1.5524762
-1.8566848 1.7491370
-0.0264828 -0.7208664
1.8965459 1.1964781
-1.9573539 1.5651225
2.0340216 -1.7020628
1.4053469 1.5802072
-1.8365707 0.7321306
-0.9576587 1.5596290
-0.4926800 1.4081123
1.5288022 -1.6382427
-1.7897409 -0.2667727
1.3982477 -1.6348954
-1.7479188 -1.6154966
-1.6816280 1.0562203
-0.5600754 1.9069816
-1.9022895 -1.3489180
-1.5629504 -1.8059248
-1.7577504 1.6910453
1.2949597 -1.7224350
1.4993131 -1.6997749
-1.9142194 -1.7006146
-1.0565171 1.6055837
-0.5462217 -1.7074597
1.9190407 1.1008289
1.0512414 1.1541172
1.4812063 -1.6724906
1.8621893 -1.5564522
-1.4487495 -1.3075733
1.4665880 1.8864069
1.8450238 1.4775031
1.3699889 -1.1621897
-1.7825837 -1.6492997
2.0470173 -1.6700866
-1.9961063 0.0796640
-1.7052243 1.6013174
1.5563605 1.8264260
1.5181524 -1.6774327
-1.9748398 1.7358437
-1.2843368 1.3664542
1.8805618 -1.6605697
