-0.6834419
-0.6789215
-0.4562523
-0.3183639
-0.0366383
0.9858801
-0.6655349
-1.4315989
-0.9608517
0.0852364
-0.7846396
0.6397098
0.8213859
-1.2054771
0.5329985
0.2354515
0.3058444
-0.3296975
-0.2075952
-0.4107418
0.0079598
-1.6212178
0.4404473
-0.1972733
-0.9216487
0.1868932
-0.8344053
0.5282875
1.2305822
1.1275629
0.3524925
-0.3609512
0.1595955
-0.5397429
-0.3881667
0.1024067
-0.1171156
0.1750999
0.1485829
-0.0249583
1.1209311
0.4452530
0.6893753
-0.5074249
-0.4139334
1.0020726
0.1474906
0.1366340
0.3011284
-0.0410690
-1.1016185
0.6555198
1.5335206
-0.0198658
0.1980170
0.8924365
1.0826101
0.1499328
0.7504328
0.9189623
0.7830111
-0.1872118
0.4769868
-0.1265928
0.5445367
-0.8042399
-1.3707906
-0.2605996
-0.1333342
0.0381102
-0.6266897
0.7740120
0.2051301
0.5140593
-0.0363874
-0.1651233
-0.5950338
0.2162768
-0.2888794
0.0361910
-0.6358243
0.2819200
0.2844477
0.3340794
-0.1649905
-0.6618704
-1.6414374
0.2756823
-0.2478583
0.3003962
0.6407919
0.2008700
0.2563408
-0.0036211
0.4538172
0.0480317
0.1776888
-0.5590545
-0.1620549
-0.5923905
-0.1348465
0.2349794
1.0340233
-1.0221784
-0.3680335
-0.4263237
-0.4231155
-0.3686356
0.8711838
0.0071369
0.4368323
-0.7412702
0.4186013
-0.0529745
-1.3257911
0.4670566
-0.2197452
-0.7439435
0.5441602
-0.4116543
-0.8764173
-0.0864979
-0.2105043
0.2688649
-0.3274689
-0.6257399
0.2322355
0.2492823
