[2.0, -0.5]
[1.0, 1.9]
[1.0, 1.9]
[1.0, 1.9]
[1.0, 1.9]
[1.0, 1.9]
[2.0, -0.5]
[2.0, -0.5]
[2.0, -0.5]
[2.0, -0.5]
[1.0, 1.9]
[1.0, 1.9]
[2.0, -0.5]
[2.0, -0.5]
[1.0, 1.9]
[1.0, 1.9]
[1.0, 1.9]
[2.0, -0.5]
[2.0, -0.5]
[2.0, -0.5]
[1.0, 1.9]
[1.0, 1.9]
[1.0, 1.9]
[1.0, 1.9]
[2.0, -0.5]
[1.0, 1.9]
[2.0, -0.5]
[1.0, 1.9]
[2.0, -0.5]
[1.0, 1.9]
[1.0, 1.9]
[1.0, 1.9]
[1.0, 1.9]
[2.0, -0.5]
[1.0, 1.9]
[1.0, 1.9]
[1.0, 1.9]
[1.0, 1.9]
[2.0, -0.5]
[1.0, 1.9]
[2.0, -0.5]
[1.0, 1.9]
[1.0, 1.9]
[1.0, 1.9]
[1.0, 1.9]
[1.0, 1.9]
[1.0, 1.9]
[2.0, -0.5]
[2.0, -0.5]
[2.0, -0.5]
[2.0, -0.5]
[2.0, -0.5]
[1.0, 1.9]
[2.0, -0.5]
[2.0, -0.5]
[2.0, -0.5]
[2.0, -0.5]
[1.0, 1.9]
[1.0, 1.9]
[1.0, 1.9]
[1.0, 1.9]
[1.0, 1.9]
[1.0, 1.9]
[1.0, 1.9]
[1.0, 1.9]
[1.0, 1.9]
[2.0, -0.5]
[1.0, 1.9]
[1.0, 1.9]
[1.0, 1.9]
[2.0, -0.5]
[2.0, -0.5]
[1.0, 1.9]
[2.0, -0.5]
[1.0, 1.9]
[2.0, -0.5]
[2.0, -0.5]
[1.0, 1.9]
[1.0, 1.9]
[2.0, -0.5]
[1.0, 1.9]
[1.0, 1.9]
[2.0, -0.5]
[1.0, 1.9]
[1.0, 1.9]
[1.0, 1.9]
[2.0, -0.5]
[2.0, -0.5]
[1.0, 1.9]
[1.0, 1.9]
[2.0, -0.5]
[2.0, -0.5]
[1.0, 1.9]
[1.0, 1.9]
[1.0, 1.9]
[2.0, -0.5]
[1.0, 1.9]
[2.0, -0.5]
[2.0, -0.5]
[2.0, -0.5]
[1.0, 1.9]
[1.0, 1.9]
[2.0, -0.5]
[1.0, 1.9]
[1.0, 1.9]
[1.0, 1.9]
[2.0, -0.5]
[1.0, 1.9]
[2.0, -0.5]
[2.0, -0.5]
[1.0, 1.9]
[1.0, 1.9]
[1.0, 1.9]
[1.0, 1.9]
[1.0, 1.9]
[1.0, 1.9]
[1.0, 1.9]
[2.0, -0.5]
[1.0, 1.9]
[1.0, 1.9]
[2.0, -0.5]
[1.0, 1.9]
[1.0, 1.9]
[2.0, -0.5]
[2.0, -0.5]
[1.0, 1.9]
[1.0, 1.9]
[2.0, -0.5]
