-3.5691342
-5.9687004
-3.5188773
-1.6636375
-0.8495917
6.8974981
-6.5843010
-9.0627308
-6.1373162
-0.5029596
-7.5134859
2.4435005
8.4222679
-7.4357796
-1.7080266
1.0910541
4.9457464
-3.9336338
-0.3050116
-1.6511431
-1.6094986
-13.6934805
2.6725416
-4.4752584
-7.3156514
0.4620856
-5.7242155
3.5768998
6.6434946
6.6958652
1.5201621
-2.7602384
1.0570451
-5.3666997
-3.9421818
4.7623610
-1.3230989
0.3079050
2.9030225
0.8164359
7.0878334
3.3798482
4.4464822
-4.3626418
-3.8449430
4.5926881
3.6786938
0.2190764
1.0103033
0.2597452
-6.0936551
3.2058690
8.3432465
1.3966073
1.7240884
4.9068737
6.6097474
0.9456300
2.7047315
2.1397560
1.6989002
-0.0785159
5.3855000
0.0351314
0.8610108
-11.1821260
-7.4386735
-6.4555349
-0.7705975
-0.6766230
-3.0550759
2.1355302
-1.5467653
2.8047698
-2.4397030
-2.3383298
-4.2847657
0.5450832
-2.7990775
-0.9670787
-5.0600066
-2.0923758
2.2041979
0.7333170
-2.2927015
-7.6276627
-9.8050280
0.7608429
0.5228726
-0.7862515
3.2740335
3.8310721
0.1743484
-0.4644027
3.6068273
-0.8471674
-0.7770578
-7.0982895
-0.6023003
-3.4847162
2.3497050
-0.6450384
2.2794242
-5.0042586
-1.7957661
-0.3680181
-4.2647152
-1.4720910
5.8185849
0.4778431
0.8927012
-9.2361374
1.4536750
-3.5217357
-12.6538887
2.2430096
-3.5989087
-6.2222414
2.1938336
-2.9716759
-6.6540642
-0.1234567
-2.3553166
1.4887705
-4.0598111
-1.0370115
-0.0166723
0.7232878
