[2.04002046585083]
[2.3469245433807373]
[2.8789472579956055]
[2.910954475402832]
[0.44412490725517273]
[1.3895941972732544]
[1.4080654382705688]
[2.0742533206939697]
[1.33445143699646]
[3.271561622619629]
[1.440104603767395]
[2.7614212036132812]
[1.7835625410079956]
[3.1611926555633545]
[2.781614303588867]
[0.5570902228355408]
[1.305577039718628]
[0.9278948307037354]
[2.5514328479766846]
[2.3915348052978516]
[1.3260893821716309]
[2.729689598083496]
[2.4496214389801025]
[1.4951469898223877]
[1.7610745429992676]
[1.2717220783233643]
[1.7794098854064941]
[0.3133610486984253]
[1.6417686939239502]
[1.2228972911834717]
[2.3665828704833984]
[0.1324622929096222]
[1.567581295967102]
[2.5985310077667236]
[2.463590621948242]
[1.73033607006073]
[2.8783953189849854]
[2.465142011642456]
[4.180714130401611]
[3.1854705810546875]
[3.031561851501465]
[2.1124660968780518]
[2.740994453430176]
[0.7792774438858032]
[2.1885945796966553]
[1.3379907608032227]
[1.2331187725067139]
[-1.4583516120910645]
[2.6996383666992188]
[1.740170955657959]
[3.1555652618408203]
[0.478580504655838]
[0.13377170264720917]
[2.539663076400757]
[2.3527286052703857]
[2.3568642139434814]
[4.295965671539307]
[2.3779633045196533]
[2.7516167163848877]
[4.1429243087768555]
[1.3778083324432373]
[2.388357400894165]
[1.5539910793304443]
[1.7157188653945923]
[1.7267036437988281]
[1.7523472309112549]
[1.938076138496399]
[1.7796579599380493]
[3.075552463531494]
[2.1554129123687744]
[3.646085739135742]
[1.3285857439041138]
[1.4813300371170044]
[-0.023483924567699432]
[2.399587392807007]
[3.284358024597168]
[1.7377357482910156]
[1.2045899629592896]
[2.8134279251098633]
[4.643185138702393]
[1.6788291931152344]
[3.1652543544769287]
[0.2512552738189697]
[1.579311490058899]
[-0.19540449976921082]
[2.7348153591156006]
[2.686138868331909]
[1.5367772579193115]
[2.770785331726074]
[2.78102445602417]
[0.8389466404914856]
[1.143140196800232]
[2.761989116668701]
[1.5337843894958496]
[1.085237741470337]
[1.9504092931747437]
[1.407238483428955]
[0.9244330525398254]
[0.500076949596405]
[2.7294483184814453]
[1.7911343574523926]
[2.6134326457977295]
[2.1977734565734863]
[-0.3587173819541931]
[3.2267353534698486]
[2.0943994522094727]
[2.848043441772461]
[3.7636804580688477]
[1.4332804679870605]
[0.9359170794487]
[1.8146634101867676]
[0.6410506963729858]
[2.4703471660614014]
[0.3464023768901825]
[2.5308337211608887]
[2.8811657428741455]
[1.5920894145965576]
[3.9573612213134766]
[2.4980039596557617]
[0.9214789867401123]
[1.7579429149627686]
[1.3614917993545532]
[1.4165534973144531]
[3.1969730854034424]
[3.174877882003784]
[0.5294861197471619]
[3.63720703125]
[1.0971498489379883]
