-0.9284421 1.8392183
-1.6477040 1.6713676
-1.9473152 -1.6112877
-1.6306666 0.4192069
0.6399608 -1.3958774
-1.4291388 1.7282896
1.7094322 -1.9439218
-1.5412738 -1.9527099
-1.6330578 -1.4278703
1.0314312 1.8644843
0.3426302 1.3405173
2.0595107 -0.7629291
1.8696756 0.8212715
0.7419077 -0.0307919
-1.1981131 -1.6432227
1.9324136 -1.7695559
1.2376468 1.5806096
1.3305537 -1.9580168
0.5657494 0.9059644
1.6080422 -1.6691725
-1.7829281 1.7064493
-1.6209080 -0.7101488
-1.5606453 -1.8678753
-1.2038226 -1.9443513
0.3956786 -1.8123521
-1.8914748 0.7783750
1.0635465 0.3485735
-0.1695375 -1.8723568
-1.8175259 1.3840199
-0.1213996 -1.9369066
-0.9259942 -1.2872193
-2.0944946 -1.4933759
0.0995864 -2.0962462
-1.5104321 -1.6702683
1.7996030 1.7404656
0.1078852 -1.6038828
1.7731172 1.4199071
0.0423037 1.8414115
1.5865527 2.0193448
1.6409237 -0.2698512
0.4032059 1.6798528
-1.8971258 -0.3924381
0.0127822 -1.3367780
2.0595438 1.1772804
-1.6810530 -1.5827298
-0.3660624 1.6429956
-1.2473857 -1.3922608
1.6668609 -1.7933972
1.3368994 1.9521387
-1.8004477 1.2572632
0.6083227 1.7377954
0.1928892 -0.3680722
1.0342965 -1.0673100
0.8659589 1.6064650
-0.1451121 1.8970433
-2.1338875 1.3006233
1.2067065 -1.1232735
-0.2343452 1.2233527
-1.7960091 -1.0709549
-1.9103211 2.0309060
-1.7843570 -0.1293027
1.1218878 1.7960209
0.5427696 1.6582404
1.8783908 0.8393625
2.0497041 -1.8118227
1.6538697 -2.0394902
0.2194639 -1.0502311
1.9443212 -1.6928722
-1.5165161 -1.5572690
-1.9245443 -0.5509647
1.5760703 1.3403246
1.5321250 0.4684105
0.2026380 -0.1455084
-0.3307628 1.3497976
1.6182359 1.7113538
0.3522663 -1.8907278
1.6171470 -1.9104543
2.0052137 -1.5846951
1.5797888 1.5749456
2.0955029 -1.4200714
-0.7227395 1.8758467
1.5659885 1.2929235
1.3216963 1.9369587
-1.4787927 2.1653788
-1.0796064 -0.6582189
-2.0384753 -0.6114639
2.3256056 1.6245567
-0.1669392 1.4005810
-2.0382845 1.6647731
0.0097879 -0.1565060
2.0755310 1.3137645
-2.1475143 1.4753124
2.2050457 -1.7751333
1.2966810 1.6059535
-1.8907071 0.8247542
-0.7148989 1.4243455
-0.2894276 1.2258832
1.3697762 -1.7279644
-1.7922496 0.3113209
1.1377604 -1.7234209
-1.8542989 -1.4731785
-1.6637251 1.0043147
-0.4918224 1.8359137
-2.0798345 -0.9164868
-1.5414699 -1.8277234
-1.8919625 1.6069696
0.9774088 -1.8603312
1.3209593 -1.8241727
-2.0743740 -1.5734932
-0.8371863 1.4853660
-0.4098786 -1.7542486
2.1050363 1.2361633
0.7727712 1.0125462
1.2853181 -1.7834774
1.9686362 -1.5666203
-1.3100722 -0.9169855
1.3974836 1.9346356
1.9973819 1.5824246
1.1226487 -0.7535407
-1.9046669 -1.5235262
2.2211583 -1.7276855
-2.1122422 0.5362056
-1.7965605 1.5116541
1.5474104 1.8858541
1.3527994 -1.7902814
-2.1842859 1.6462744
-1.0702779 1.2277584
1.9946494 -1.7379880
