[2.3799573496334645]
[1.9827878180975291]
[4.234379814415927]
[1.775028770933994]
[3.0150522976457736]
[1.3815798328798878]
[-0.1615783397552066]
[1.4834551569293062]
[2.2616416738109235]
[3.5553115936059854]
[0.631117624868842]
[3.997019656011487]
[1.338630386504394]
[1.128221278061737]
[3.149034343947502]
[3.003811106970761]
[2.091889429849039]
[0.8154668702083216]
[1.7008098964733687]
[0.5355475431965883]
[0.6139424201800848]
[3.031011779570927]
[2.131518059388756]
[3.3090585162436934]
[2.645281319760084]
[1.4134713496255407]
[1.4745513365550067]
[2.3166568670280716]
[1.625707837516588]
[2.0320869925312324]
[0.9539852095549648]
[0.7229537910199499]
[2.9773121040583]
[3.032761690998904]
[2.057819459321858]
[1.9270000935608802]
[1.8746294430432398]
[0.6035980890864865]
[0.5280612751682416]
[3.3805349176733848]
[2.8042326720184567]
[3.1926715071059233]
[1.0424732677489612]
[2.4001613848443353]
[1.630250150714772]
[2.1504774523935835]
[0.9550204182292638]
[1.8854702289932634]
[3.6519888783795684]
[2.630943345298225]
[1.639874926064622]
[-0.49983361845096924]
[0.6441571284780163]
[1.8088833832607691]
[2.4949688357570277]
[1.4181658997187037]
[3.3045052293018795]
[3.1406833466301296]
[0.6691814127499011]
[1.8653012318100508]
[1.222453339695505]
[3.5372365094958393]
[4.344618248088818]
[2.7342102980228367]
[4.8133567456846595]
[2.2584995687337415]
[1.087143830892113]
[1.6711045082734832]
[1.73679916395963]
[1.3546800095377793]
[1.3128882324372093]
[2.829198002217132]
[0.8578539254110886]
[2.9128218271157458]
[-0.5223475701069518]
[1.7494929638034973]
[4.067250644320856]
[3.5546769717420306]
[1.2881869878240206]
[2.39642889543302]
[1.5141921065055188]
[0.9069983630491609]
[2.416895574069685]
[-0.16622719299859903]
[2.9232153314966185]
[1.7141190578953263]
[2.518345445250282]
[1.0375622741392896]
[2.918194641098722]
[3.3602580711228303]
[2.3822523324224187]
[1.5230272291038973]
[2.305094026868962]
[2.4488529047489362]
[0.9403625948528345]
[1.456825771928759]
[2.5581555219616923]
[1.7540996121297578]
[1.2752162846827297]
[2.0363254402986977]
[0.9284715330459946]
[3.25336353040258]
[2.456216886405023]
[1.5597522866246443]
[-0.45140180502575467]
[3.9624807181246777]
[2.174521789082234]
[2.138428759514612]
[1.5870370090009758]
[0.7815851578342108]
[2.743530981092855]
[1.678752852456173]
[0.1723902685507254]
[1.798878719623463]
[0.5685531588476931]
[0.41465204254144344]
[3.82909880154727]
[3.181998930478952]
[2.3108690777762266]
[1.386941468475793]
[3.972696413701561]
[2.697741344080377]
[1.7154592965890805]
[2.3283887306119406]
[2.205600393190284]
[2.5022095039320513]
[2.5417147517085574]
[0.9245925902529]
