[[0.6804327368736267, -0.007170364260673523], [0.7077634334564209, 0.9902710318565369], [0.704960286617279, -1.016258955001831]]
[[1.0536223649978638, -0.0735340490937233], [1.085309624671936, 0.9128309488296509], [1.064103126525879, -1.0495903491973877]]
[[1.001734972000122, -0.023410916328430176], [1.031738042831421, 0.9599903225898743], [1.0166471004486084, -1.0045443773269653]]
[[0.7198017835617065, -0.004000527784228325], [0.7473035454750061, 0.9912017583847046], [0.7434577941894531, -1.0097713470458984]]
[[0.9279270172119141, -0.18368543684482574], [0.9614173769950867, 0.8213871121406555], [0.9352805018424988, -1.1698341369628906]]
[[0.9262977838516235, 0.02801760472357273], [0.9544505476951599, 1.0094512701034546], [0.9463233947753906, -0.9602020382881165]]
[[0.8024409413337708, -0.2164246141910553], [0.8358179926872253, 0.7985035181045532], [0.8113856315612793, -1.2132596969604492]]
[[0.9718950390815735, 0.12261443585157394], [0.9981073141098022, 1.0910444259643555], [0.9963994026184082, -0.862421989440918]]
[[1.0317271947860718, -0.01098619680851698], [1.061660885810852, 0.9694808125495911], [1.0465798377990723, -0.9895786046981812]]
[[1.0007915496826172, 0.06748254597187042], [1.0285499095916748, 1.0406824350357056], [1.0212095975875854, -0.9145474433898926]]
[[0.9212663173675537, 0.15358811616897583], [0.9463766813278198, 1.1210657358169556], [0.9489521384239197, -0.836112916469574]]
[[0.9531673789024353, -0.10604128241539001], [0.9848663806915283, 0.8890954852104187], [0.9644463658332825, -1.090699315071106]]
[[1.103484869003296, 0.03366195783019066], [1.1329028606414795, 1.0053876638412476], [1.1191229820251465, -0.9389642477035522]]
[[0.8988925218582153, -0.030357878655195236], [0.9282766580581665, 0.9590221047401428], [0.9161667823791504, -1.0204647779464722]]
[[0.9900022745132446, 0.058656997978687286], [1.017891764640808, 1.03340482711792], [1.0101737976074219, -0.9242445230484009]]
[[1.1882779598236084, -0.20135799050331116], [1.2244538068771362, 0.7922186851501465], [1.1872905492782593, -1.1639740467071533]]
[[0.8692572116851807, 0.06747403740882874], [0.8960416316986084, 1.0473097562789917], [0.8931550979614258, -0.9260374307632446]]
[[0.7874818444252014, -0.04771691933274269], [0.8164980411529541, 0.9491151571273804], [0.8067451119422913, -1.0473363399505615]]
[[1.0612268447875977, -0.052269116044044495], [1.0924389362335205, 0.9313182830810547], [1.072786569595337, -1.0278517007827759]]
[[0.9846135377883911, -0.06622348725795746], [1.0155537128448486, 0.922857940196991], [0.9974161982536316, -1.0484751462936401]]
[[0.8319393396377563, -0.0699319839477539], [0.8618177175521851, 0.9272115230560303], [0.8486829400062561, -1.0655200481414795]]
[[1.0381919145584106, -0.03489215299487114], [1.0687763690948486, 0.9479311108589172], [1.0514261722564697, -1.0126887559890747]]
[[0.9896755814552307, 0.05028771609067917], [1.0177658796310425, 1.0259982347488403], [1.009351134300232, -0.932569146156311]]
[[0.7800780534744263, 0.17581035196781158], [0.8037301301956177, 1.14778470993042], [0.8127374053001404, -0.8261993527412415]]
[[1.0667451620101929, -0.09464417397975922], [1.0990794897079468, 0.8934070467948914], [1.0755915641784668, -1.0693244934082031]]
[[0.756094753742218, -0.047051940113306046], [0.7848815321922302, 0.9512307047843933], [0.7762483358383179, -1.049373984336853]]
[[1.1968079805374146, -0.006582031492143869], [1.2280385494232178, 0.9647811651229858], [1.2074862718582153, -0.9704470038414001]]
[[0.6965511441230774, -0.05268501862883568], [0.7250858545303345, 0.9490909576416016], [0.7179903388023376, -1.0600459575653076]]
[[1.0903422832489014, 0.025485090911388397], [1.1198525428771973, 0.9988163113594055], [1.105833649635315, -0.9482361674308777]]
[[1.0897464752197266, -0.028109867125749588], [1.1205886602401733, 0.9512866139411926], [1.1019970178604126, -1.0013782978057861]]
[[1.040330410003662, 0.025144966319203377], [1.0694385766983032, 1.0010993480682373], [1.0571374893188477, -0.9530160427093506]]
[[0.8412656188011169, 0.22488543391227722], [0.8641875386238098, 1.1882610321044922], [0.8752721548080444, -0.7722622752189636]]
[[1.1140680313110352, 0.011060643009841442], [1.1441363096237183, 0.9847833514213562], [1.1280463933944702, -0.9604079127311707]]
[[0.9244402050971985, 0.03871863707900047], [0.9523179531097412, 1.0190389156341553], [0.9451560974121094, -0.9497547745704651]]
[[0.9988013505935669, 0.08058108389377594], [1.0262268781661987, 1.0524014234542847], [1.0200629234313965, -0.9017376899719238]]
[[0.9464080333709717, -0.0321449413895607], [0.9761956334114075, 0.9550482034683228], [0.9622911810874939, -1.0180745124816895]]
[[1.0197657346725464, 0.028050141409039497], [1.0486373901367188, 1.004732608795166], [1.0372976064682007, -0.9519563913345337]]
[[0.7600603103637695, 0.122115857899189], [0.7848268747329712, 1.1011525392532349], [0.7900650501251221, -0.8811988830566406]]
[[0.9391071796417236, 0.09799452871084213], [0.9656633138656616, 1.0708751678466797], [0.9629898071289062, -0.8896996378898621]]
[[0.8122516870498657, 0.08266404271125793], [0.8382827043533325, 1.0636050701141357], [0.8385559916496277, -0.9158849716186523]]
[[0.8770055174827576, -0.026396920904517174], [0.9061304330825806, 0.9636299014091492], [0.8951073884963989, -1.0184463262557983]]
[[0.7333977818489075, -0.11497990787029266], [0.7637127637863159, 0.8919969201087952], [0.7501955628395081, -1.118679404258728]]
[[0.9070908427238464, -0.15727761387825012], [0.9397379159927368, 0.8458988070487976], [0.916592538356781, -1.1455132961273193]]
[[0.9137345552444458, 0.13602665066719055], [0.9392037391662598, 1.1058759689331055], [0.9405624866485596, -0.8541868925094604]]
[[0.867936372756958, -0.006011929363012314], [0.8964940309524536, 0.9821740984916687], [0.8874948024749756, -0.9990248680114746]]
[[0.7495240569114685, 0.21459537744522095], [0.7721101641654968, 1.1836609840393066], [0.7852582335472107, -0.7902881503105164]]
[[1.178948998451233, -0.136784628033638], [1.2133487462997437, 0.8501041531562805], [1.1821521520614624, -1.1009362936019897]]
[[1.0312079191207886, 0.09509476274251938], [1.0585359334945679, 1.0636123418807983], [1.0524930953979492, -0.8844971060752869]]
[[0.9341752529144287, -0.025535764172673225], [0.9637051224708557, 0.9615312814712524], [0.95078444480896, -1.0125977993011475]]
[[0.9988681674003601, -0.028306681662797928], [1.028970718383789, 0.9557912349700928], [1.0135632753372192, -1.009648323059082]]
[[0.9080323576927185, -0.0461704358458519], [0.9378775358200073, 0.9445282220840454], [0.924116849899292, -1.0353389978408813]]
[[0.7190262079238892, 0.19588066637516022], [0.7418553233146667, 1.1685540676116943], [0.754436731338501, -0.8114473819732666]]
[[0.6389155983924866, 0.013643230311572552], [0.6654988527297974, 1.0107159614562988], [0.6657652854919434, -0.9991074800491333]]
[[0.9375939965248108, 0.03909027948975563], [0.9655607342720032, 1.0187060832977295], [0.9579817652702332, -0.9482369422912598]]
[[1.0285292863845825, 0.008806432597339153], [1.0579463243484497, 0.9872089624404907], [1.0446641445159912, -0.9702510833740234]]
[[1.0313823223114014, 0.23372827470302582], [1.0554394721984863, 1.1864802837371826], [1.0610727071762085, -0.7470210790634155]]
[[1.0607683658599854, -0.03180772066116333], [1.091461181640625, 0.9495051503181458], [1.0735785961151123, -1.0076253414154053]]
[[1.175547480583191, 0.04434947296977043], [1.2053192853927612, 1.0110962390899658], [1.1899185180664062, -0.9219282269477844]]
[[0.6460535526275635, 0.0009518111473880708], [0.6729810237884521, 0.9991120100021362], [0.6719752550125122, -1.011102557182312]]
[[1.0377109050750732, -0.014787810854613781], [1.0677883625030518, 0.9657994508743286], [1.052173137664795, -0.992814302444458]]
[[0.9092424511909485, 0.11271284520626068], [0.9352309107780457, 1.0854310989379883], [0.934790849685669, -0.877701461315155]]
[[0.8253567814826965, 0.22002972662448883], [0.8482868075370789, 1.1847478151321411], [0.8594797253608704, -0.7784430980682373]]
[[0.8920214176177979, -0.1133694127202034], [0.923433780670166, 0.885657787322998], [0.9045459032058716, -1.1033347845077515]]
[[0.9511577486991882, 0.03859325125813484], [0.9792383909225464, 1.0175800323486328], [0.9711546301841736, -0.9475426077842712]]
[[0.9017046689987183, -0.020865367725491524], [0.9308749437332153, 0.9673071503639221], [0.9194692969322205, -1.0108094215393066]]
[[0.8096190690994263, 0.17716149985790253], [0.8334265351295471, 1.1475297212600708], [0.841597855091095, -0.8223385810852051]]
[[0.8312382102012634, 0.16310642659664154], [0.855510413646698, 1.134001612663269], [0.861824095249176, -0.8344363570213318]]
[[0.9589768052101135, -0.08521958440542221], [0.990193784236908, 0.9072926044464111], [0.9713410139083862, -1.06955885887146]]
[[0.7885553240776062, 0.012234470807015896], [0.8161153793334961, 1.0022791624069214], [0.8113232851028442, -0.9877868890762329]]
[[1.020896553993225, -0.0005717088934034109], [1.050484538078308, 0.9792788028717041], [1.0366698503494263, -0.9802191257476807]]
[[0.9601249098777771, -0.03340383619070053], [0.9900499582290649, 0.9532367587089539], [0.9755607843399048, -1.0181161165237427]]
[[0.763583779335022, -0.0971536934375763], [0.7936601042747498, 0.9063754081726074], [0.7805947661399841, -1.0984126329421997]]
[[1.113755226135254, -0.026513943448662758], [1.1447612047195435, 0.951453447341919], [1.1254544258117676, -0.9976502656936646]]
[[1.0329859256744385, -0.11843030154705048], [1.065646767616272, 0.8740220069885254], [1.041325330734253, -1.0958914756774902]]
[[0.726614236831665, -0.01434340700507164], [0.754409909248352, 0.9816926121711731], [0.749481737613678, -1.01945161819458]]
[[0.7213740348815918, 0.003753446973860264], [0.7486989498138428, 0.9980088472366333], [0.7454420328140259, -1.001944661140442]]
[[0.9461811780929565, 0.2590788006782532], [0.9690355658531189, 1.2132880687713623], [0.9795711040496826, -0.7292924523353577]]
[[0.8838587999343872, -0.04454098269343376], [0.9134833812713623, 0.9471824765205383], [0.9006959199905396, -1.0358352661132812]]
[[0.8721892237663269, 0.07298562675714493], [0.8988621830940247, 1.0520522594451904], [0.8963376879692078, -0.9203172326087952]]
[[0.8387057781219482, 0.14124974608421326], [0.8635351061820984, 1.1142535209655762], [0.8677976131439209, -0.8554842472076416]]
[[1.0158655643463135, -0.2485288381576538], [1.0517704486846924, 0.7592778205871582], [1.016884684562683, -1.2262128591537476]]
[[0.7951680421829224, -0.12049275636672974], [0.8260492086410522, 0.8841087818145752], [0.8099406957626343, -1.11882483959198]]
[[0.8169412016868591, 0.10569349676370621], [0.842458963394165, 1.0837998390197754], [0.8444879055023193, -0.8926337957382202]]
[[0.8767057657241821, -0.09742836654186249], [0.907600462436676, 0.900578498840332], [0.8905969262123108, -1.088877558708191]]
[[0.9120991826057434, -0.14213813841342926], [0.9443975687026978, 0.8590987324714661], [0.9223607182502747, -1.1300759315490723]]
[[1.0559648275375366, -0.11648689955472946], [1.0887680053710938, 0.8745643496513367], [1.0637884140014648, -1.0919159650802612]]
[[1.0592800378799438, -0.1057012677192688], [1.0918346643447876, 0.8839730024337769], [1.0676634311676025, -1.0809403657913208]]
[[0.8484846353530884, 0.0021086966153234243], [0.8767045736312866, 0.9903455376625061], [0.8690478801727295, -0.9926598072052002]]
[[0.8875927329063416, 0.17842310667037964], [0.9118887186050415, 1.1447712182998657], [0.9176377058029175, -0.8143892884254456]]
[[0.8265019059181213, 0.04920244589447975], [0.8534281849861145, 1.033219337463379], [0.8504458069801331, -0.9478536248207092]]
[[0.7031894326210022, -0.051763780415058136], [0.7317441701889038, 0.9495917558670044], [0.7245022654533386, -1.0585674047470093]]
[[0.8805830478668213, -0.01815067231655121], [0.909530758857727, 0.9707711935043335], [0.8990784883499146, -1.0099596977233887]]
[[1.0559357404708862, 0.14879918098449707], [1.0821723937988281, 1.1099532842636108], [1.0798330307006836, -0.8290789127349854]]
[[0.9553949236869812, 0.018298782408237457], [0.9840046167373657, 0.9993597865104675], [0.9740601181983948, -0.9672890305519104]]
[[1.0844870805740356, 0.15392839908599854], [1.1108299493789673, 1.1130236387252808], [1.107954502105713, -0.8214723467826843]]
[[0.9176257848739624, -0.16500121355056763], [0.950553297996521, 0.838507890701294], [0.9263760447502136, -1.1522369384765625]]
[[1.013431191444397, 0.06321608275175095], [1.0413919687271118, 1.0362523794174194], [1.0332565307617188, -0.9176627397537231]]
[[0.9283852577209473, 0.07302016019821167], [0.9554616212844849, 1.0492674112319946], [0.9510511755943298, -0.9153996706008911]]
[[1.1346886157989502, 0.03164223954081535], [1.1644210815429688, 1.0019679069519043], [1.1493704319000244, -0.9381774663925171]]
[[1.0218391418457031, -0.07714924216270447], [1.05335533618927, 0.9112557172775269], [1.0329692363739014, -1.055999517440796]]
[[0.9560166001319885, -0.02205430343747139], [0.9856274127960205, 0.9635185599327087], [0.9722445011138916, -1.0072298049926758]]
[[0.9282941222190857, 0.156324565410614], [0.9533901214599609, 1.1231374740600586], [0.9559617042541504, -0.8327885270118713]]
[[0.9417291283607483, 0.13967300951480865], [0.9673143029212952, 1.1076971292495728], [0.9680470824241638, -0.8481365442276001]]
[[0.9893584847450256, 0.15154717862606049], [1.0150158405303955, 1.1158047914505005], [1.0151535272598267, -0.8322033882141113]]
[[1.0679945945739746, 0.07808954268693924], [1.096029281616211, 1.0466365814208984], [1.0872777700424194, -0.8980993032455444]]
[[0.7119683623313904, 0.07398326694965363], [0.7375634908676147, 1.0607856512069702], [0.7404018640518188, -0.9330543875694275]]
[[1.0025659799575806, 0.1085476204752922], [1.0293471813201904, 1.0770092010498047], [1.0254181623458862, -0.873681366443634]]
[[1.0578664541244507, -0.13773873448371887], [1.0912327766418457, 0.8555879592895508], [1.0643566846847534, -1.112788200378418]]
[[0.9922708868980408, 0.04788500815629959], [1.0204401016235352, 1.0237343311309814], [1.0117326974868774, -0.9347224235534668]]
[[0.9797477722167969, 0.0037581585347652435], [1.0089033842086792, 0.9852221608161926], [0.9968869686126709, -0.9795603156089783]]
[[0.8922391533851624, 0.10452588647603989], [0.9183011651039124, 1.0790233612060547], [0.9177432656288147, -0.8872969746589661]]
[[0.8380146622657776, -0.0057028355076909065], [0.8663511872291565, 0.9839302897453308], [0.8583956956863403, -1.0013123750686646]]
[[0.9112184047698975, 0.11733043938875198], [0.9371116757392883, 1.089426040649414], [0.9369919300079346, -0.8729498982429504]]
[[0.8321481943130493, -0.03549757972359657], [0.8611750602722168, 0.9577733278274536], [0.8509225249290466, -1.0313633680343628]]
[[0.9936797022819519, 0.1579553484916687], [1.0192184448242188, 1.1212645769119263], [1.0197497606277466, -0.8254703879356384]]
[[0.7688745260238647, -0.04115789383649826], [0.797602653503418, 0.9558440446853638], [0.7890279293060303, -1.0424318313598633]]
[[0.9171150326728821, -0.2419593334197998], [0.9520360231399536, 0.7701284289360046], [0.9213193655014038, -1.2284936904907227]]
[[0.9277555346488953, 0.05690257251262665], [0.9552165269851685, 1.0350030660629272], [0.9494727253913879, -0.9314362406730652]]
[[1.0754566192626953, -0.04533911496400833], [1.1066124439239502, 0.9367340207099915], [1.0870490074157715, -1.0197185277938843]]
[[0.8096228837966919, 0.00620525237172842], [0.8374722003936768, 0.9958966970443726], [0.8314709067344666, -0.9919548034667969]]
[[0.8530348539352417, 0.1808498501777649], [0.8770411610603333, 1.1486479043960571], [0.8841152787208557, -0.814957320690155]]
[[1.0649003982543945, 0.08424718677997589], [1.0927603244781494, 1.0522572994232178], [1.0846389532089233, -0.8922709822654724]]
[[0.9777020215988159, -0.13071690499782562], [1.0102258920669556, 0.8659343719482422], [0.9868294596672058, -1.1129721403121948]]
[[0.8552284240722656, -0.022438131272792816], [0.884097695350647, 0.9682254791259766], [0.8741528987884521, -1.0164144039154053]]
[[0.7507221102714539, -0.0802379921078682], [0.7802907824516296, 0.9220211505889893], [0.769076406955719, -1.08274507522583]]
[[1.0404261350631714, 0.1263338178396225], [1.067076325416565, 1.0908373594284058], [1.063363790512085, -0.8527176380157471]]
[[0.7522717714309692, -0.05342046543955803], [0.7811890840530396, 0.9457609057426453], [0.7721549868583679, -1.0560177564620972]]
[[0.9472634792327881, -0.12146866321563721], [0.97930908203125, 0.8756912350654602], [0.9577838182449341, -1.106502890586853]]
