[2.8157423481157577]
[3.2675304933289517]
[2.404725022789747]
[3.714390357057825]
[1.8378110635097058]
[1.98998165944489]
[2.516651009467301]
[2.853164265834375]
[2.5468725643335555]
[2.887532682251109]
[3.1093599600807083]
[2.3923235171149133]
[2.0681354184504994]
[2.412943539949698]
[2.448487527829019]
[2.2574799968541335]
[2.3436113730834527]
[2.138990537708612]
[3.451312623199053]
[1.670643727442493]
[1.991190534267929]
[2.0726029393569583]
[2.233657095366321]
[0.4312755878293628]
[2.10358681221151]
[0.7470420741733781]
[3.863140753753644]
[3.5255724180714942]
[-0.6642847449477273]
[0.7536309293590291]
[3.1688293147964464]
[2.166748185434277]
[1.0017122035400567]
[1.9882837543118288]
[2.0652795702216133]
[2.7878099889573935]
[1.0866898307229516]
[1.196727156213348]
[1.5464032172368025]
[2.578537680368553]
[2.979051426884383]
[2.474282174797148]
[0.7160344038386696]
[2.4468920452109506]
[2.387676173413268]
[3.1576612511715703]
[2.1801366437733236]
[2.300612391867822]
[3.38988159837925]
[1.9346462045076487]
[0.3893850942617314]
[2.9286846083249327]
[1.5601555661073692]
[1.9802150880515805]
[2.923945253060466]
[0.4650737846727988]
[3.3782426039590874]
[1.7542880434201509]
[2.517914258288434]
[1.195330776148028]
[0.13723231632085853]
[1.7192316638258007]
[3.555703773357383]
[2.2391325240756443]
[1.3593198202777104]
[2.103335572124211]
[1.460015439183524]
[1.1533635849767596]
[2.9372589983925477]
[2.7217887277948423]
[4.493942089010248]
[0.957429389125926]
[0.02413334766018349]
[-0.04665669534957506]
[2.968266200802833]
[0.67738350330513]
[0.36668471149168314]
[0.5362438651198029]
[1.2828274757622]
[1.8867826421407097]
[1.3235521309473857]
[1.1177165036884416]
[2.164017388542046]
[2.202240180074078]
[-0.05262105214249457]
[2.098366383674555]
[1.3767471546997334]
[2.482778210301646]
[2.3038790118034367]
[2.7336339427223915]
[3.4153624219086316]
[2.1552896914910944]
[2.4453467014971126]
[-0.717861001432978]
[-0.595810645462731]
[3.208516009581143]
[1.5354189107005172]
[2.6903510871345437]
[1.9027071603440862]
[0.9050097361177003]
[1.6482066917258162]
[1.5641691391404287]
[2.838195792474476]
[2.0855271661721195]
[0.6479749540266568]
[0.3997766547686288]
[2.130228773946747]
[2.3899467188290844]
[3.1124515587421424]
[3.883720895608798]
[2.4515147271792306]
[1.8303279567306543]
[1.508858721645144]
[2.1004055939262307]
[0.5052915853684168]
[0.8767121966585376]
[1.1608028246484987]
[0.3207696233238764]
[0.999886183078726]
[2.7436150502327328]
[0.747439718882376]
[2.925407309905345]
[3.2957014560381497]
[4.204063567914469]
[1.7055597176730881]
[3.1803850421498767]
[0.8611846577046072]
[0.791745525848006]
